17,3
17,2
17,1
17,0
16,11
16,10
16,9
16,8
16,7
16,6
16,5
16,4
16,3
16,2
16,1
16,0
15,5
15,4
15,3
15,2
15,1
15,0
14,5
14,4
14,3
14,2
14,1
14,0
13,5
13,4
13,3
13,2
13,1
13,0
12,5
12,4
12,3
12,2
12,1
12,0
11,5
11,4
11,3
11,2
11,1
11,0
10,5
10,4
10,3
10,2
10,1
10,0
9,5
9,4
9,3
9,2
9,1
9,0
8,3
8,2
8,1
8,0
7,21
7,20
7,18
7,17
7,16
7,15
7,13
7,10
7,9
7,8
7,3
7,2
7,1
7,0
6,11
6,6
6,5
6,4
6,3
6,2
6,1
6,0
5,3
5,2
5,1
5,0
4,3
3,6
3,5
3,4
3,3
3,2
2,14
2,13
2,12
2,11
2,10
2,9
2,8
2,7
2,6
2,5
2,4
2,3
2,2
2,1
2,0
1,3
1,2
0,425
0,424
0,410
0,324
0,243
0,9
0,0
0,1
0,497
0,300
0,427
0,299
0,298
0,492
0,297
0,491
0,296
0,468
0,295
0,494
0,294
0,467
0,293
0,496
0,292
0,422
0,291
0,457
0,290
0,397
0,289
0,328
0,288
0,474
0,287
0,493
0,286
0,393
0,285
0,387
0,284
0,385
0,283
0,301
0,282
0,384
0,281
0,442
0,280
0,279
0,490
0,278
0,380
0,277
0,319
0,276
0,414
0,275
0,480
0,274
0,402
0,273
17,4
17,5
17,7
18,0
18,2
18,3
18,5
19,1
19,2
19,4
19,5
20,1
20,3
20,4
21,0
21,1
21,3
21,4
22,0
22,2
22,3
22,5
23,0
23,2
23,4
23,5
24,1
24,2
24,4
24,5
24,7
25,1
25,2
25,4
25,5
25,7
26,0
26,1
26,3
26,4
26,6
26,7
27,1
27,3
27,4
27,6
27,7
28,1
28,3
28,4
28,6
29,0
29,2
29,4
29,5
29,7
30,0
30,2
30,3
30,5
30,7
31,0
31,2
31,3
31,5
31,7
32,0
32,2
32,3
32,5
32,6
33,0
33,2
33,3
33,5
33,6
34,0
34,2
34,3
34,5
34,6
35,0
35,1
35,3
35,5
37,0
37,2
37,3
37,5
37,7
38,0
38,2
38,3
38,5
39,0
39,1
39,3
39,4
40,0
40,1
40,3
40,5
40,6
41,0
41,1
41,3
41,5
41,6
43,0
43,1
43,3
43,4
43,6
44,0
44,1
44,3
44,4
44,6
45,1
45,2
45,4
45,5
46,1
46,2
46,4
46,6
46,7
47,1
47,2
47,4
47,6
47,7
48,1
48,2
48,4
48,5
49,0
49,2
49,3
49,5
50,0
50,2
50,4
50,5
50,7
50,6
50,3
50,1
49,4
49,1
48,6
48,3
48,0
47,5
47,3
47,0
46,5
46,3
46,0
45,3
45,0
44,5
44,2
43,7
43,5
43,2
41,7
41,4
41,2
40,7
40,4
40,2
39,5
39,2
38,6
38,4
38,1
37,6
37,4
37,1
35,4
35,2
34,7
34,4
34,1
33,7
33,4
33,1
32,7
32,4
32,1
31,6
31,4
31,1
30,6
30,4
30,1
29,6
29,3
29,1
28,5
28,2
28,0
27,5
27,2
27,0
26,5
26,2
25,8
25,6
25,3
25,0
24,6
24,3
24,0
23,3
23,1
22,4
22,1
21,5
21,2
20,5
20,2
20,0
19,3
19,0
18,4
18,1
17,6
0,479
0,272
0,487
0,271
0,270
0,473
0,269
0,510
0,268
0,318
0,267
0,505
0,266
0,317
0,265
0,504
0,264
0,263
0,499
0,262
0,369
0,261
0,316
0,260
0,392
0,259
0,315
0,258
0,358
0,257
0,256
0,357
0,255
0,395
0,254
0,503
0,253
0,389
0,252
0,314
0,251
0,250
0,472
0,249
0,386
0,248
0,360
0,247
0,502
0,246
0,323
0,245
0,486
0,244
0,368
0,242
0,418
0,241
0,340
0,240
0,453
0,239
0,238
0,391
0,237
0,313
0,236
0,396
0,235
0,312
0,234
0,476
0,233
0,388
0,232
0,311
0,231
0,495
0,230
0,465
0,229
0,308
0,228
0,509
0,227
0,501
0,226
0,225
0,451
0,224
0,342
0,223
0,450
0,222
0,352
0,221
0,351
0,220
0,353
0,219
0,366
0,218
0,337
0,217
0,447
0,216
0,408
0,215
0,500
0,214
0,511
0,213
0,464
0,212
0,329
0,211
0,507
0,210
0,413
0,209
0,506
0,208
0,463
0,207
0,471
0,206
0,449
0,205
0,309
0,204
0,394
0,203
0,202
0,201
0,432
0,200
0,462
0,199
0,333
0,198
0,307
0,197
0,344
0,196
0,406
0,195
0,470
0,194
0,332
0,193
0,438
0,192
0,435
0,63
0,448
0,62
0,461
0,61
0,377
0,60
0,320
0,59
0,455
0,58
0,498
0,57
0,484
0,56
0,460
0,55
0,362
0,54
0,459
0,53
0,483
0,52
0,489
0,51
0,482
0,50
0,469
0,49
0,348
0,48
0,431
0,47
0,458
0,46
0,400
0,45
0,434
0,6
0,5
0,304
0,303
0,306
0,305
0,302
0,12
0,423
0,10
0,8
0,310
0,11
0,4
0,2
0,3
0,7
